image_width: 3840
image_height: 2160
camera_name: narrow_stereo
camera_matrix:
    rows: 3
    cols: 3
    data: [2334.99647, 0, 1874.05854, 0, 2338.06625, 1032.9926, 0, 0, 1]
distortion_model: plumb_bob
distortion_coefficients:
    rows: 1
    cols: 5
    data: [-0.233303, 0.051830, -0.000329, 0.000262, 0.000000]
rectification_matrix:
    rows: 3
    cols: 3
    data: [1, 0, 0, 0, 1, 0, 0, 0, 1]
projection_matrix:
    rows: 3
    cols: 4
    data:
        [
            1906.98572,
            0,
            1855.06959,
            0,
            0,
            2213.04346,
            1026.41651,
            0,
            0,
            0,
            1,
            0,
        ]
